Alaska
60 93 92 83
67 176 34 20
140 162 29 20
155 182 15 27
170 188 7 16
Northwest Territory
152 101 154 61
306 76 28 85
334 111 19 29
235 162 69 4
189 162 46 2
Greenland
416 51 111 83
372 58 44 48
423 134 39 59
462 134 34 18
432 31 78 20
519 43 15 15
Iceland
530 153 68 49
Alberta
169 163 66 25
177 188 88 59
170 204 7 22
167 209 3 4
235 166 36 22
265 188 2 42
267 188 2 20
Ontario
271 166 30 80
265 230 6 17
267 208 4 22
269 188 2 20
301 189 42 61
299 246 15 7
327 250 15 30
319 250 8 11
323 261 4 12
324 280 15 11
341 275 6 5
342 266 16 9
Quebec
362 189 55 56
358 199 4 73
349 207 9 59
343 227 6 39
359 159 34 30
404 176 9 13
393 184 11 5
417 209 13 25
417 197 4 12
421 202 3 7
424 20 5 4
430 209 8 4
430 213 4 18
434 216 7 12
417 234 4 4
362 245 18 26
380 245 20 13
380 258 4 3
390 250 12 11
394 261 8 15
400 267 15 13
Western United States
172 247 81 97
253 248 34 62
253 309 12 14
253 323 2 10
207 344 36 7
203 344 4 4
230 351 15 6
227 351 3 3
237 357 9 3
235 357 2 2
Eastern United States
288 247 10 63
298 254 21 56
314 251 4 3
319 280 5 30
319 261 4 19
323 273 3 7
248 344 16 18
244 346 4 4
246 350 2 6
247 356 1 4
253 333 2 11
255 323 9 21
266 310 70 52
264 323 2 39
243 377 5 5
245 372 5 5
247 362 6 10
253 362 5 8
258 362 3 3
321 362 18 23
324 291 12 19
336 291 3 63
339 281 18 56
357 324 6 12
339 337 16 11
344 280 13 1
348 275 9 5
357 275 3 44
358 273 7 44
365 272 13 32
365 304 7 4
365 308 4 5
384 259 6 2
380 261 14 18
378 271 2 19
380 279 7 5
380 234 2 4
394 276 6 4
396 280 8 5
393 284 8 7
402 263 2 4
Central America
183 344 20 7
203 348 4 3
195 351 31 21
197 372 45 11
226 361 21 11
226 357 9 4
226 354 4 3
242 372 3 5
201 383 44 9
242 381 2 2
188 351 7 3
192 354 3 4
221 393 25 23
216 392 5 4
219 402 2 7
217 404 2 4
246 401 3 6
249 404 3 3
246 407 30 11
260 405 22 2
268 395 12 16
280 396 4 9
224 415 22 3
235 418 36 3
242 421 29 3
249 424 26 3
251 427 26 4
253 429 25 7
256 436 18 5
257 441 16 4
258 445 11 6
259 451 9 4
261 455 6 6
266 458 3 9
263 461 3 4
269 459 15 7
275 456 9 3
274 466 9 3
278 469 4 5
Venezuela
275 482 48 19
300 451 63 31
284 458 16 24
282 470 2 12
280 476 2 6
277 479 3 3
274 498 1 2
293 455 7 3
297 453 3 2
303 448 40 3
343 449 3 2
318 443 9 5
315 444 3 4
313 446 2 2
283 501 37 9
279 501 4 3
281 504 2 2
294 510 28 2
309 512 13 6
302 512 7 2
305 514 4 2
312 518 6 2
320 501 2 4
363 466 22 16
323 482 25 14
368 477 43 14
371 491 38 4
372 495 21 3
411 476 3 11
414 478 4 5
385 469 3 8
388 474 14 3
391 472 6 2
363 453 4 13
367 456 4 10
371 462 7 4
371 459 3 3
348 482 11 5
351 487 5 2
359 482 6 3
323 496 3 3
332 496 15 2
335 498 8 3
Brazil
Peru
Argentina
Scandinavia
Great Britain
Western Europe
Northern Europe
Southern Europe
Ukraine
Ural
Siberia
Yakutsk
Irkutsk
Kamchatka
Mongolia
Japan
Afghanistan
China
Middle East
India
Siam
North Africa
Egypt
East Africa
Congo
South Africa
Madagascar
Indonesia
New Guinea
Western Australia
Eastern Australia
